1 2 600.0
2 1 600.0
1 13 1000.0
13 1 1000.0
1 14 1100.0
14 1 1100.0
2 12 2000.0
12 2 2000.0
2 14 1600.0
14 2 1600.0
3 8 800.0
8 3 800.0
3 12 600.0
12 3 600.0
3 13 600.0
13 3 600.0
4 11 900.0
11 4 900.0
4 12 1200.0
12 4 1200.0
5 8 700.0
8 5 700.0
5 11 700.0
11 5 700.0
5 14 2800.0
14 5 2800.0
6 9 300.0
9 6 300.0
6 10 300.0
10 6 300.0
6 12 2000.0
12 6 2000.0
7 9 800.0
9 7 800.0
7 10 800.0
10 7 800.0
7 13 2400.0
13 7 2400.0
9 11 500.0
11 9 500.0
10 11 500.0
11 10 500.0